"bird.orders" <-
structure(list(edge = structure(c("-1", "-2", "-3", "-3", "-2", 
"-4", "-5", "-5", "-4", "-1", "-6", "-6", "-7", "-7", "-8", "-9", 
"-9", "-10", "-11", "-11", "-10", "-12", "-12", "-8", "-13", 
"-13", "-14", "-14", "-15", "-15", "-16", "-17", "-18", "-18", 
"-17", "-19", "-19", "-16", "-20", "-21", "-21", "-22", "-22", 
"-20", "-2", "-3", "1", "2", "-4", "-5", "3", "4", "5", "-6", 
"6", "-7", "7", "-8", "-9", "8", "-10", "-11", "9", "10", "-12", 
"11", "12", "-13", "13", "-14", "14", "-15", "15", "-16", "-17", 
"-18", "16", "17", "-19", "18", "19", "-20", "-21", "20", "-22", 
"21", "22", "23"), .Dim = c(44, 2)), edge.length = c(2.1, 4.1, 
21.8, 21.8, 3, 1.3, 21.6, 21.6, 22.9, 1, 27, 0.7, 26.3, 1.3, 
0.6, 24.4, 1, 2.6, 20.8, 20.8, 1.3, 22.1, 22.1, 0.5, 24.5, 0.8, 
23.7, 0.6, 23.1, 0.6, 0.6, 0.6, 21.3, 21.3, 1.5, 20.4, 20.4, 
0.9, 0.8, 20.8, 0.7, 20.1, 20.1, 21.6), tip.label = c("Struthioniformes", 
"Tinamiformes", "Craciformes", "Galliformes", "Anseriformes", 
"Turniciformes", "Piciformes", "Galbuliformes", "Bucerotiformes", 
"Upupiformes", "Trogoniformes", "Coraciiformes", "Coliiformes", 
"Cuculiformes", "Psittaciformes", "Apodiformes", "Trochiliformes", 
"Musophagiformes", "Strigiformes", "Columbiformes", "Gruiformes", 
"Ciconiiformes", "Passeriformes")), .Names = c("edge", "edge.length", 
"tip.label"), class = "phylo")
