"bird.families" <- 
structure(list(edge = structure(c("-1", "-2", "-3", "-4", "-5", 
"-5", "-4", "-6", "-6", "-3", "-2", "-7", "-8", "-9", "-9", "-8", 
"-10", "-11", "-11", "-10", "-7", "-12", "-13", "-13", "-12", 
"-14", "-14", "-1", "-15", "-15", "-16", "-17", "-18", "-18", 
"-17", "-19", "-19", "-20", "-20", "-16", "-21", "-22", "-23", 
"-23", "-22", "-24", "-25", "-26", "-26", "-25", "-27", "-27", 
"-28", "-28", "-24", "-29", "-29", "-30", "-31", "-31", "-30", 
"-32", "-32", "-33", "-33", "-34", "-34", "-35", "-35", "-36", 
"-36", "-21", "-37", "-37", "-38", "-39", "-40", "-41", "-41", 
"-40", "-39", "-42", "-42", "-43", "-43", "-38", "-44", "-44", 
"-45", "-46", "-47", "-48", "-48", "-47", "-46", "-49", "-49", 
"-50", "-51", "-51", "-50", "-52", "-52", "-53", "-54", "-54", 
"-53", "-55", "-56", "-56", "-55", "-57", "-57", "-45", "-58", 
"-59", "-59", "-60", "-61", "-62", "-62", "-63", "-63", "-64", 
"-65", "-66", "-66", "-65", "-64", "-64", "-61", "-60", "-67", 
"-68", "-68", "-69", "-70", "-71", "-72", "-72", "-71", "-70", 
"-73", "-73", "-69", "-74", "-75", "-75", "-76", "-76", "-74", 
"-77", "-77", "-67", "-78", "-79", "-80", "-80", "-79", "-78", 
"-81", "-81", "-82", "-82", "-83", "-84", "-85", "-85", "-84", 
"-83", "-86", "-86", "-87", "-87", "-88", "-88", "-89", "-89", 
"-90", "-91", "-91", "-90", "-92", "-92", "-93", "-93", "-94", 
"-94", "-58", "-95", "-96", "-96", "-97", "-98", "-98", "-97", 
"-99", "-99", "-100", "-100", "-101", "-101", "-102", "-102", 
"-103", "-103", "-95", "-104", "-105", "-106", "-106", "-107", 
"-107", "-105", "-108", "-109", "-109", "-110", "-110", "-108", 
"-111", "-111", "-112", "-112", "-113", "-113", "-114", "-114", 
"-115", "-115", "-116", "-116", "-104", "-117", "-118", "-118", 
"-119", "-119", "-120", "-120", "-117", "-121", "-122", "-123", 
"-123", "-122", "-124", "-124", "-125", "-125", "-126", "-126", 
"-127", "-127", "-128", "-128", "-129", "-129", "-130", "-130", 
"-121", "-131", "-131", "-132", "-133", "-134", "-134", "-135", 
"-135", "-133", "-132", "-2", "-3", "-4", "-5", "1", "2", "-6", 
"3", "4", "5", "-7", "-8", "-9", "6", "7", "-10", "-11", "8", 
"9", "10", "-12", "-13", "11", "12", "-14", "13", "14", "-15", 
"15", "-16", "-17", "-18", "16", "17", "-19", "18", "-20", "19", 
"20", "-21", "-22", "-23", "21", "22", "-24", "-25", "-26", "23", 
"24", "-27", "25", "-28", "26", "27", "-29", "28", "-30", "-31", 
"29", "30", "-32", "31", "-33", "32", "-34", "33", "-35", "34", 
"-36", "35", "36", "-37", "37", "-38", "-39", "-40", "-41", "38", 
"39", "40", "-42", "41", "-43", "42", "43", "-44", "44", "-45", 
"-46", "-47", "-48", "45", "46", "47", "-49", "48", "-50", "-51", 
"49", "50", "-52", "51", "-53", "-54", "52", "53", "-55", "-56", 
"54", "55", "-57", "56", "57", "-58", "-59", "58", "-60", "-61", 
"-62", "59", "-63", "60", "-64", "-65", "-66", "61", "62", "63", 
"64", "65", "66", "-67", "-68", "67", "-69", "-70", "-71", "-72", 
"68", "69", "70", "-73", "71", "72", "-74", "-75", "73", "-76", 
"74", "75", "-77", "76", "77", "-78", "-79", "-80", "78", "79", 
"80", "-81", "81", "-82", "82", "-83", "-84", "-85", "83", "84", 
"85", "-86", "86", "-87", "87", "-88", "88", "-89", "89", "-90", 
"-91", "90", "91", "-92", "92", "-93", "93", "-94", "94", "95", 
"-95", "-96", "96", "-97", "-98", "97", "98", "-99", "99", "-100", 
"100", "-101", "101", "-102", "102", "-103", "103", "104", "-104", 
"-105", "-106", "105", "-107", "106", "107", "-108", "-109", 
"108", "-110", "109", "110", "-111", "111", "-112", "112", "-113", 
"113", "-114", "114", "-115", "115", "-116", "116", "117", "-117", 
"-118", "118", "-119", "119", "-120", "120", "121", "-121", "-122", 
"-123", "122", "123", "-124", "124", "-125", "125", "-126", "126", 
"-127", "127", "-128", "128", "-129", "129", "-130", "130", "131", 
"-131", "132", "-132", "-133", "-134", "133", "-135", "134", 
"135", "136", "137"), .Dim = c(271, 2)), edge.length = c(2.1, 
4.1, 3.9, 0.8, 17.1, 17.1, 8.4, 9.5, 9.5, 21.8, 3, 1.3, 1.8, 
19.8, 19.8, 6.5, 2.3, 12.8, 12.8, 15.1, 6.8, 3.7, 12.4, 12.4, 
6.3, 9.8, 9.8, 1, 27, 0.7, 9.8, 5.5, 11, 11, 3.7, 12.8, 1.3, 
11.5, 11.5, 1.3, 0.6, 6.9, 17.5, 17.5, 1, 2.6, 11.6, 9.2, 9.2, 
3.8, 17, 6.8, 10.2, 10.2, 1.3, 22.1, 1.1, 7.1, 13.9, 13.9, 1.3, 
19.7, 2, 17.7, 1.2, 16.5, 1, 15.5, 3.5, 12, 12, 0.5, 24.5, 0.8, 
6.1, 3.1, 1.5, 13, 13, 14.5, 1.2, 16.4, 1.9, 14.5, 14.5, 0.6, 
23.1, 0.6, 0.6, 0.6, 11.8, 9.5, 9.5, 21.3, 1.5, 20.4, 1.3, 5.5, 
13.6, 13.6, 0.3, 18.8, 0.9, 7.6, 10.3, 10.3, 1, 1.1, 15.8, 15.8, 
4.6, 12.3, 12.3, 0.9, 0.8, 20.8, 0.7, 1, 1.6, 17.5, 0.6, 16.9, 
1.9, 2.3, 3.5, 9.2, 9.2, 12.7, 15, 15, 19.1, 1.4, 1.6, 17.1, 
1.5, 1.5, 0.8, 3, 10.3, 10.3, 13.3, 1.6, 12.5, 12.5, 2.8, 1.3, 
11.5, 0.7, 10.8, 10.8, 4.7, 8.1, 8.1, 2.3, 1.2, 4.8, 10.4, 10.4, 
15.2, 1.5, 14.9, 0.9, 14, 0.7, 1.2, 1.1, 11, 11, 12.1, 0.9, 12.4, 
0.5, 11.9, 0.4, 11.5, 0.4, 11.1, 0.2, 0.8, 10.1, 10.1, 0.2, 10.7, 
0.3, 10.4, 0.4, 10, 10, 1.9, 1.8, 17.9, 2.1, 3.7, 12.1, 12.1, 
2, 13.8, 0.3, 13.5, 1.4, 12.1, 0.7, 11.4, 0.7, 10.7, 10.7, 6.9, 
1.1, 1.3, 10.4, 0.5, 9.9, 9.9, 0.3, 0.2, 11.2, 2, 9.2, 9.2, 0.8, 
10.6, 0.4, 10.2, 0.2, 10, 0.4, 9.6, 0.5, 9.1, 0.3, 8.8, 8.8, 
1.1, 1.1, 10.6, 0.9, 9.7, 0.6, 9.1, 9.1, 0.6, 0.3, 0.8, 10, 10, 
0.2, 10.6, 0.2, 10.4, 0.3, 10.1, 0.4, 9.7, 0.2, 9.5, 0.1, 9.4, 
0.3, 9.1, 9.1, 0.7, 10.4, 0.4, 0.2, 0.2, 9.6, 0.3, 9.3, 9.3, 
9.8, 10), tip.label = c("Struthionidae", "Rheidae", "Casuariidae", 
"Apterygidae", "Tinamidae", "Cracidae", "Megapodiidae", "Phasianidae", 
"Numididae", "Odontophoridae", "Anhimidae", "Anseranatidae", 
"Dendrocygnidae", "Anatidae", "Turnicidae", "Indicatoridae", 
"Picidae", "Megalaimidae", "Lybiidae", "Ramphastidae", "Galbulidae", 
" Bucconidae", "Bucerotidae", "Bucorvidae", "Upupidae", "Phoeniculidae", 
"Rhinopomastidae", "Trogonidae", "Coraciidae", "Leptosomidae", 
"Meropidae", "Momotidae", "Todidae", "Alcedinidae", "Dacelonidae", 
"Cerylidae", "Coliidae", "Cuculidae", "Centropidae", "Coccyzidae", 
"Opisthocomidae", "Crotophagidae", "Neomorphidae", "Psittacidae", 
"Apodidae", "Hemiprocnidae", "Trochilidae", "Musophagidae", "Tytonidae", 
"Strigidae", "Aegothelidae", "Podargidae", "Batrachostomidae", 
"Steatornithidae", "Nyctibiidae", "Eurostopodidae", "Caprimulgidae", 
"Columbidae", "Eurypygidae", "Otididae", "Gruidae", "Heliornithidae", 
"Psophiidae", "Cariamidae", "Rhynochetidae", "Rallidae", "Pteroclidae", 
"Thinocoridae", "Pedionomidae", "Scolopacidae", "Rostratulidae", 
"Jacanidae", "Chionididae", "Burhinidae", "Charadriidae", "Glareolidae", 
"Laridae", "Accipitridae", "Sagittariidae", "Falconidae", "Podicipedidae", 
"Phaethontidae", "Sulidae", "Anhingidae", "Phalacrocoracidae", 
"Ardeidae", "Scopidae", "Phoenicopteridae", "Threskiornithidae", 
"Pelecanidae", "Ciconiidae", "Fregatidae", "Spheniscidae", "Gaviidae", 
"Procellariidae", "Acanthisittidae", "Pittidae", "Eurylaimidae", 
"Tyrannidae", "Thamnophilidae", "Furnariidae", "Formicariidae", 
"Conopophagidae", "Rhinocryptidae", "Climacteridae", "Menuridae", 
"Ptilonorhynchidae", "Maluridae", "Meliphagidae", "Pardalotidae", 
"Eopsaltriidae", "Irenidae", "Orthonychidae", "Pomatostomidae", 
"Laniidae", "Vireonidae", "Corvidae", "Bombycillidae", "Cinclidae", 
"Muscicapidae", "Sturnidae", "Sittidae", "Certhiidae", "Paridae", 
"Aegithalidae", "Hirundinidae", "Regulidae", "Pycnonotidae", 
"Cisticolidae", "Zosteropidae", "Sylviidae", "Alaudidae", "Nectariniidae", 
"Melanocharitidae", "Paramythiidae", "Passeridae", "Fringillidae"
)), .Names = c("edge", "edge.length", "tip.label"), class = "phylo")
